10.0 10.0 1 12.9375 12.0
10.0 10.0 1 12.9375 12.0
14.0 9.0 1 12.9375 12.0
34.0 4.0 1 12.9375 12.0
10.0 10.0 1 12.9375 12.0
10.0 10.0 1 12.9375 12.0
10.0 10.0 1 12.9375 12.0
10.0 10.0 1 12.9375 12.0
10.0 10.0 1 12.9375 12.0
10.0 10.0 1 12.9375 12.0
10.0 10.0 1 12.9375 12.0
15.0 20.0 1 12.9375 12.0
15.0 20.0 1 12.9375 12.0
12.0 17.0 1 12.9375 12.0
17.0 22.0 1 12.9375 12.0
10.0 10.0 1 12.9375 12.0
27.0 32.0 2 27.666666666666668 28.22222222222222
27.0 32.0 2 27.666666666666668 28.22222222222222
30.0 30.0 2 27.666666666666668 28.22222222222222
27.0 32.0 2 27.666666666666668 28.22222222222222
27.0 32.0 2 27.666666666666668 28.22222222222222
29.0 29.0 2 27.666666666666668 28.22222222222222
25.0 25.0 2 27.666666666666668 28.22222222222222
22.0 22.0 2 27.666666666666668 28.22222222222222
35.0 20.0 2 27.666666666666668 28.22222222222222
0.0 50.0 3 8.666666666666666 43.666666666666664
15.0 40.0 3 8.666666666666666 43.666666666666664
11.0 41.0 3 8.666666666666666 43.666666666666664
